cam0:
  cam_overlaps: [1]
  camera_model: pinhole
  distortion_coeffs: [-0.23248459123344795, 0.08191912671589296, 7.839314739418238e-05, 4.2075874672940684e-05]
  distortion_model: radtan
  intrinsics: [589.7363083173951, 590.0729541236071, 369.91183932674056, 298.34374442536097]
  resolution: [720, 540]
  rostopic: /pylon_stereo_node/left/image_raw
cam1:
  T_cn_cnm1:
  - [0.9997283077554007, 0.02320592542857902, 0.0021899081072863703, -0.32185797263546406]
  - [-0.0232254786906617, 0.9996863295720175, 0.00937121157638949, 0.0074867236444067856]
  - [-0.001971753560855992, -0.00941952715496201, 0.9999536912757833, -0.002949869596374046]
  - [0.0, 0.0, 0.0, 1.0]
  cam_overlaps: [0]
  camera_model: pinhole
  distortion_coeffs: [-0.2303444874136257, 0.07876654742388302, 9.186197190170094e-05,
    -0.0005160611286370294]
  distortion_model: radtan
  intrinsics: [589.5069022640636, 589.958834706832, 379.29038618376575, 283.91319737264314]
  resolution: [720, 540]
  rostopic: /pylon_stereo_node/right/image_raw

